111,676517217,99,99
222,676517250,99,99
0,676517556,13,0
1,676517598,0,0
2,676517628,0,0
3,676517679,0,0
4,676517710,0,0
5,676517740,0,0
6,676517770,0,0
7,676517799,0,0
8,676517829,0,0
9,676517861,0,0
10,676517891,0,0
11,676517922,0,0
12,676517934,0,0
13,676517955,0,0
14,676517967,0,0
15,676517997,0,0
16,676518009,0,0
17,676518039,0,0
18,676518051,0,0
19,676518081,0,0
20,676518093,0,0
21,676518123,0,0
22,676518135,0,0
23,676518166,0,0
24,676518178,0,0
25,676518210,0,0
26,676518222,0,0
27,676518252,0,0
28,676518265,0,0
29,676518294,0,0
30,676518307,0,0
31,676518337,0,0
32,676518349,0,0
33,676518379,0,0
34,676518391,0,0
35,676518421,0,0
36,676518433,0,0
37,676518462,0,0
38,676518475,0,0
39,676518504,0,0
40,676518516,0,0
41,676518547,1,0
42,676518560,1,0
43,676518590,1,0
44,676518603,1,0
45,676518633,1,0
46,676518646,1,0
47,676518676,1,0
48,676518688,1,0
49,676518718,1,0
50,676518730,1,0
51,676518761,11,0
52,676518774,11,0
53,676518804,11,0
54,676518817,11,0
55,676518846,11,0
56,676518858,11,0
57,676518888,11,0
58,676518900,11,0
59,676518930,11,0
60,676518942,11,0
61,676518973,11,0
62,676518985,11,0
63,676519015,11,0
64,676519027,11,0
65,676519057,11,0
66,676519069,11,0
67,676519098,11,0
68,676519111,11,0
69,676519139,11,0
70,676519152,11,0
71,676519181,11,0
72,676519193,11,0
73,676519222,11,0
74,676519234,11,0
75,676519264,11,0
76,676519277,11,0
77,676519306,11,0
78,676519319,11,0
79,676519349,1,0
80,676519362,1,0
81,676519393,1,0
82,676519405,1,0
83,676519435,1,0
84,676519448,1,0
85,676519478,1,0
86,676519491,1,0
87,676519521,1,0
88,676519533,1,0
89,676519699,1,0
90,676519734,1,0
91,676519788,1,0
92,676519820,1,0
93,676519850,1,0
94,676519862,1,0
95,676519889,1,0
96,676519901,1,0
97,676519931,1,0
98,676519944,1,0
99,676519973,1,0
100,676519986,1,0
101,676520016,1,0
102,676520028,1,0
103,676520059,1,0
104,676520071,1,0
105,676520102,1,0
106,676520114,1,0
107,676520144,1,0
108,676520156,1,0
109,676520186,1,0
110,676520199,1,0
111,676520225,1,0
112,676520238,1,0
113,676520269,1,0
114,676520281,1,0
115,676520312,1,0
116,676520325,1,0
117,676520355,1,0
118,676520367,1,0
119,676520397,1,0
120,676520409,1,0
121,676520439,1,0
122,676520451,11,0
123,676520481,11,0
124,676520493,11,0
125,676520521,11,0
126,676520533,11,0
127,676520562,11,0
128,676520574,11,0
129,676520605,1,0
130,676520617,1,0
131,676520646,1,0
132,676520659,1,0
133,676520690,1,0
134,676520733,1,0
135,676520769,1,0
136,676520795,1,0
137,676520807,1,0
138,676520838,1,0
139,676520850,1,0
140,676520878,1,0
141,676520891,1,0
142,676520921,1,0
143,676520933,1,0
144,676520962,1,0
145,676520975,1,0
146,676521004,1,0
147,676521016,1,0
148,676521048,11,0
149,676521060,11,0
150,676521091,11,0
151,676521104,11,0
152,676521135,11,0
153,676521148,11,0
154,676521179,11,0
155,676521191,11,0
156,676521222,11,0
157,676521235,11,0
158,676521263,11,0
159,676521276,11,0
160,676521307,11,0
161,676521319,11,0
162,676521350,11,0
163,676521362,11,0
164,676521393,11,0
165,676521405,11,0
166,676521436,1,0
167,676521448,1,0
168,676521479,1,0
169,676521491,1,1
170,676521521,1,0
171,676521533,1,0
172,676521564,1,0
173,676521576,1,0
174,676521606,1,0
175,676521618,1,0
176,676521647,1,0
177,676521659,1,0
178,676521688,1,0
179,676521700,1,0
180,676521731,1,0
181,676521744,1,0
182,676521773,1,0
183,676521786,1,0
184,676521817,1,0
185,676521829,1,0
186,676521858,1,0
187,676521870,1,0
188,676521899,12,0
189,676521911,12,0
190,676521941,12,0
191,676521953,12,0
192,676521982,12,0
193,676521994,12,0
194,676522025,12,0
195,676522037,12,0
196,676522067,12,0
197,676522079,12,0
198,676522108,12,0
199,676522120,12,0
200,676522149,12,0
201,676522161,12,0
202,676522191,12,0
203,676522204,12,0
204,676522235,12,0
205,676522247,12,0
206,676522274,12,0
207,676522286,12,0
208,676522316,1,0
209,676522329,1,0
210,676522358,1,0
211,676522371,1,0
212,676522401,1,0
213,676522414,1,0
214,676522445,1,0
215,676522458,1,0
216,676522488,1,0
217,676522501,1,0
218,676522532,1,0
219,676522545,1,0
220,676522575,11,0
221,676522587,11,0
222,676522617,11,0
223,676522629,11,0
224,676522659,11,0
225,676522671,11,0
226,676522701,11,0
227,676522714,11,0
228,676522744,11,0
229,676522756,11,0
230,676522786,11,0
231,676522798,11,0
232,676522829,11,0
233,676522842,11,0
234,676522872,11,0
235,676522885,11,0
236,676522915,11,0
237,676522928,11,0
238,676522958,11,0
239,676522970,11,0
240,676523000,11,0
241,676523013,11,0
242,676523041,11,0
243,676523054,11,0
244,676523083,11,0
245,676523095,1,0
246,676523125,1,0
247,676523138,1,0
248,676523167,1,0
249,676523179,1,0
250,676523209,1,0
251,676523221,1,0
252,676523251,1,0
253,676523264,1,0
254,676523294,1,0
255,676523306,1,0
256,676523336,1,0
257,676523349,1,0
258,676523381,1,0
259,676523393,1,0
260,676523422,1,0
261,676523434,1,0
262,676523463,1,0
263,676523475,1,0
264,676523505,1,0
265,676523517,1,0
266,676523548,1,0
267,676523560,1,0
268,676523591,1,0
269,676523603,1,0
270,676523632,12,0
271,676523644,12,0
272,676523674,12,0
273,676523687,12,0
274,676523716,12,0
275,676523729,12,0
276,676523759,12,0
277,676523805,12,0
278,676523836,1,0
279,676523867,1,0
280,676523880,1,0
281,676523908,1,0
282,676523920,1,0
283,676523951,1,0
284,676523963,1,0
285,676523991,1,0
286,676524003,1,0
287,676524032,1,0
288,676524045,1,0
289,676524075,1,0
290,676524087,1,0
291,676524117,1,0
292,676524129,1,0
293,676524158,1,0
294,676524171,1,0
295,676524200,1,0
296,676524212,1,0
297,676524242,1,0
298,676524254,1,0
299,676524284,1,0
300,676524297,1,0
301,676524327,1,0
302,676524339,1,0
303,676524368,11,0
304,676524380,11,0
305,676524412,11,0
306,676524424,11,0
307,676524454,11,0
308,676524466,11,0
309,676524498,11,0
310,676524510,11,0
311,676524540,11,0
312,676524553,11,0
313,676524581,11,0
314,676524594,11,1
315,676524623,11,0
316,676524636,11,0
317,676524667,11,0
318,676524680,11,0
319,676524711,11,0
320,676524723,11,0
321,676524752,11,0
322,676524765,11,0
323,676524795,11,0
324,676524807,11,0
325,676524837,1,0
326,676524850,1,0
327,676524881,12,0
328,676524893,12,0
329,676524924,12,0
330,676524936,12,0
331,676524966,12,0
332,676524979,12,1
333,676525010,12,0
334,676525022,12,0
335,676525053,12,0
336,676525066,12,0
337,676525097,12,0
338,676525110,12,0
339,676525140,12,0
340,676525153,12,0
341,676525184,1,0
342,676525196,1,0
343,676525226,1,0
344,676525238,11,0
345,676525268,11,0
346,676525280,11,0
347,676525308,11,0
348,676525322,11,0
349,676525353,11,0
350,676525365,11,1
351,676525397,11,0
352,676525410,11,0
353,676525440,11,0
354,676525453,11,0
355,676525484,11,0
356,676525497,11,0
357,676525528,11,0
358,676525541,11,0
359,676525571,11,0
360,676525583,11,0
361,676525613,11,0
362,676525625,11,0
363,676525654,11,0
364,676525666,11,0
365,676525698,11,0
366,676525710,11,0
367,676525740,11,0
368,676525752,11,0
369,676525783,1,0
370,676525796,1,0
371,676525826,1,0
372,676525838,1,0
373,676525867,1,0
374,676525880,11,0
375,676525909,11,0
376,676525922,11,0
377,676525951,1,0
378,676525963,1,0
379,676525993,1,0
380,676526005,1,0
381,676526034,1,0
382,676526046,1,0
383,676526076,1,0
384,676526088,1,0
385,676526118,11,0
386,676526131,11,0
387,676526159,11,0
388,676526171,11,0
389,676526202,11,0
390,676526214,11,0
391,676526245,11,0
392,676526257,11,0
393,676526285,11,0
394,676526298,1,0
395,676526328,1,0
396,676526340,1,0
397,676526369,1,0
398,676526382,1,0
399,676526412,1,0
400,676526424,1,0
401,676526454,1,0
402,676526467,1,0
403,676526497,1,0
404,676526509,1,0
405,676526539,1,0
406,676526551,1,1
407,676526580,1,0
408,676526592,1,0
409,676526622,1,0
410,676526635,1,0
411,676526667,1,0
412,676526679,1,0
413,676526709,1,0
414,676526721,1,0
415,676526751,1,0
416,676526763,1,0
417,676526793,1,0
418,676526805,1,0
419,676526877,1,0
420,676526908,11,0
421,676526938,11,0
422,676526950,11,0
423,676526981,11,0
424,676526994,11,0
425,676527024,11,0
426,676527036,11,0
427,676527065,11,0
428,676527077,11,0
429,676527107,11,0
430,676527119,11,0
431,676527148,11,0
432,676527160,11,0
433,676527190,11,0
434,676527202,1,0
435,676527233,1,0
436,676527246,1,0
437,676527276,1,0
438,676527288,1,0
439,676527317,1,0
440,676527329,1,0
441,676527358,1,0
442,676527370,1,0
443,676527399,1,0
444,676527411,1,0
445,676527441,1,0
446,676527453,1,0
447,676527482,1,0
448,676527495,1,1
449,676527526,1,0
450,676527539,1,0
451,676527571,1,0
452,676527584,1,0
453,676527616,1,0
454,676527628,1,0
455,676527659,1,0
456,676527671,1,0
457,676527702,1,0
458,676527714,1,0
459,676527744,1,0
460,676527756,1,0
461,676527786,1,0
462,676527798,1,1
463,676527827,1,0
464,676527840,1,0
465,676527867,1,0
466,676527879,1,0
467,676527909,1,0
468,676527921,1,0
469,676527951,1,1
470,676527963,1,0
471,676527992,1,0
472,676528005,1,0
473,676528036,1,0
474,676528048,1,0
475,676528078,1,0
476,676528090,1,0
477,676528120,1,0
478,676528133,1,0
479,676528163,11,0
480,676528175,11,0
481,676528204,11,0
482,676528216,11,0
483,676528246,1,0
484,676528259,1,0
485,676528289,1,0
486,676528301,1,0
487,676528331,1,0
488,676528343,1,0
489,676528374,1,0
490,676528386,1,0
491,676528417,1,0
492,676528430,1,0
493,676528460,1,0
494,676528472,1,0
495,676528503,1,0
496,676528515,1,0
497,676528545,1,0
498,676528557,1,0
499,676528586,1,0
500,676528599,1,0
501,676528628,1,0
502,676528641,1,1
503,676528670,1,0
504,676528682,1,0
505,676528711,1,0
506,676528723,1,0
507,676528751,1,0
508,676528763,1,0
509,676528793,1,0
510,676528806,1,0
511,676528835,1,0
512,676528847,1,0
513,676528878,11,0
514,676528890,11,1
515,676528921,11,0
516,676528933,11,0
517,676528964,1,0
518,676528976,1,0
519,676529005,1,0
520,676529018,1,0
521,676529046,1,0
522,676529058,1,0
523,676529088,1,0
524,676529100,1,0
525,676529130,1,0
526,676529143,1,0
527,676529173,12,0
528,676529185,12,0
529,676529215,12,0
530,676529227,12,0
531,676529257,12,0
532,676529269,12,0
533,676529301,12,1
534,676529313,12,0
535,676529343,12,0
536,676529355,12,0
537,676529384,1,0
538,676529396,1,0
539,676529427,1,0
540,676529439,1,0
541,676529469,1,0
542,676529481,1,0
543,676529511,11,0
544,676529523,11,0
545,676529554,11,1
546,676529566,11,0
547,676529596,11,0
548,676529608,11,0
549,676529637,11,0
550,676529649,11,0
551,676529680,11,0
552,676529692,11,1
553,676529722,11,0
554,676529734,11,0
555,676529765,11,0
556,676529777,11,0
557,676529806,11,0
558,676529818,11,0
559,676529847,11,0
560,676529859,11,0
561,676529889,11,0
562,676529901,11,0
563,676529950,1,0
564,676529980,1,0
565,676529992,1,0
566,676530017,1,0
567,676530029,1,0
568,676530059,1,0
569,676530071,1,0
570,676530101,1,0
571,676530113,1,0
572,676530144,12,0
573,676530156,12,0
574,676530188,12,0
575,676530200,12,0
576,676530230,12,0
577,676530242,12,0
578,676530274,12,0
579,676530286,12,0
580,676530318,12,0
581,676530330,12,0
582,676530361,12,0
583,676530374,12,0
584,676530403,12,0
585,676530416,12,0
586,676530445,12,0
587,676530458,12,0
588,676530489,1,0
589,676530501,1,0
590,676530531,1,0
591,676530543,1,0
592,676530572,1,0
593,676530584,1,0
594,676530614,1,0
595,676530626,1,0
596,676530655,0,0
597,676530667,0,0
598,676530696,0,0
599,676530709,0,0
600,676530738,0,0
601,676530751,0,0
602,676530781,0,0
603,676530793,0,0
604,676530822,0,0
605,676530834,0,0
606,676530863,0,0
607,676530876,0,0
608,676530906,0,0
609,676530918,1,0
610,676530949,1,0
611,676530961,1,0
612,676530990,1,0
613,676531002,1,0
614,676531047,1,0
615,676531077,1,0
616,676531089,1,0
617,676531120,1,0
618,676531132,1,0
619,676531162,1,0
620,676531174,1,0
621,676531203,1,0
622,676531216,1,0
623,676531246,1,0
624,676531258,1,0
625,676531290,1,0
626,676531302,1,0
627,676531332,1,0
628,676531345,1,0
629,676531374,1,0
630,676531387,1,0
631,676531419,1,-1
632,676531432,1,0
633,676531462,1,0
634,676531475,1,0
635,676531504,1,0
636,676531517,1,0
637,676531547,1,0
638,676531560,1,0
639,676531591,1,0
640,676531604,1,0
641,676531633,1,0
642,676531646,1,0
643,676531676,1,0
644,676531689,1,0
645,676531721,1,0
646,676531734,1,0
647,676531764,1,0
648,676531778,1,0
649,676531807,1,0
650,676531820,1,0
651,676531851,11,0
652,676531865,11,0
653,676531895,11,0
654,676531908,11,0
655,676531940,11,0
656,676531953,11,0
657,676531985,11,0
658,676531999,11,0
659,676532029,11,0
660,676532042,11,0
661,676532073,11,0
662,676532086,11,0
663,676532117,11,0
664,676532130,11,0
665,676532160,11,0
666,676532173,11,0
667,676532205,11,0
668,676532218,11,0
669,676532250,11,0
670,676532263,11,0
671,676532292,11,0
672,676532305,11,0
673,676532337,11,0
674,676532350,11,0
675,676532379,1,-1
676,676532392,1,0
677,676532422,1,0
678,676532435,1,0
679,676532466,1,0
680,676532479,1,0
681,676532510,1,0
682,676532524,1,0
683,676532554,1,0
684,676532567,1,0
685,676532599,1,0
686,676532612,1,0
687,676532643,1,0
688,676532656,1,0
689,676532685,1,0
690,676532698,1,0
691,676532728,1,0
692,676532741,1,0
693,676532769,1,0
694,676532782,1,0
695,676532812,1,0
696,676532825,1,0
697,676532857,1,0
698,676532870,1,0
699,676532900,1,0
700,676532912,1,0
701,676532942,1,0
702,676532954,1,0
703,676533026,1,0
704,676533062,1,0
705,676533085,1,0
706,676533098,1,0
707,676533129,1,0
708,676533142,1,0
709,676533174,1,0
710,676533187,1,0
711,676533217,1,0
712,676533229,1,0
713,676533257,1,0
714,676533269,1,0
715,676533299,1,0
716,676533312,1,0
717,676533341,1,0
718,676533353,1,0
719,676533383,1,0
720,676533395,1,0
721,676533424,1,0
722,676533437,1,0
723,676533467,1,0
724,676533480,1,0
725,676533511,1,0
726,676533523,1,0
727,676533555,1,0
728,676533567,1,0
729,676533597,1,0
730,676533609,1,0
731,676533641,1,0
732,676533653,1,0
733,676533683,0,0
734,676533696,0,0
735,676533725,0,0
736,676533738,0,0
737,676533767,0,0
738,676533779,0,0
739,676533809,0,0
740,676533821,0,0
741,676533851,0,0
742,676533863,0,0
743,676533894,1,0
744,676533906,1,0
745,676533936,1,0
746,676533948,1,0
747,676533978,11,0
748,676533991,11,0
749,676534024,11,0
750,676534039,11,0
751,676534074,11,0
752,676534087,11,0
753,676534117,11,0
754,676534129,11,0
755,676534159,11,0
756,676534172,11,0
757,676534202,11,0
758,676534214,11,0
759,676534244,11,0
760,676534257,11,0
761,676534287,11,0
762,676534300,11,0
763,676534330,11,0
764,676534343,11,0
765,676534373,11,0
766,676534385,11,0
767,676534415,11,0
768,676534427,1,0
769,676534459,1,0
770,676534471,1,0
771,676534500,1,0
772,676534513,1,0
773,676534544,1,0
774,676534557,1,0
775,676534589,1,0
776,676534602,1,0
777,676534631,1,0
778,676534644,1,0
779,676534672,1,0
780,676534684,1,0
781,676534714,1,0
782,676534726,1,0
783,676534759,1,0
784,676534771,1,0
785,676534801,1,0
786,676534813,1,0
787,676534844,1,0
788,676534856,1,0
789,676534886,1,0
790,676534898,1,0
791,676534928,1,0
792,676534940,1,0
793,676534967,1,0
794,676534980,1,0
795,676535009,1,0
796,676535021,1,0
797,676535050,1,0
798,676535062,1,0
799,676535092,1,0
800,676535104,1,0
801,676535134,1,0
802,676535147,1,0
803,676535176,1,0
804,676535189,1,0
805,676535217,1,0
806,676535229,1,0
807,676535260,11,0
808,676535273,11,0
809,676535303,11,0
810,676535315,11,0
811,676535345,11,0
812,676535357,11,0
813,676535389,1,0
814,676535402,1,0
815,676535433,1,0
816,676535446,1,0
817,676535477,1,0
818,676535490,1,0
819,676535520,1,0
820,676535532,1,0
821,676535562,1,0
822,676535574,1,0
823,676535604,1,0
824,676535617,1,0
825,676535647,1,0
826,676535660,1,0
827,676535691,1,0
828,676535703,1,0
829,676535735,1,0
830,676535748,1,0
831,676535778,1,0
832,676535791,1,0
833,676535822,1,0
834,676535834,1,0
835,676535865,1,0
836,676535877,1,0
837,676535907,1,0
838,676535919,1,0
839,676535949,1,0
840,676535961,1,0
841,676535992,1,0
842,676536004,1,0
843,676536035,11,0
844,676536047,11,0
845,676536093,11,0
846,676536129,11,0
847,676536142,11,0
848,676536175,11,0
849,676536187,1,0
850,676536216,1,0
851,676536228,1,0
852,676536256,1,0
853,676536268,1,0
854,676536298,1,0
855,676536310,1,0
856,676536340,1,0
857,676536352,1,0
858,676536382,1,1
859,676536394,1,0
860,676536424,1,0
861,676536437,1,0
862,676536467,1,0
863,676536480,1,0
864,676536511,1,0
865,676536523,1,0
866,676536553,1,0
867,676536565,1,0
868,676536595,1,0
869,676536608,1,0
870,676536637,1,0
871,676536649,1,0
872,676536679,1,0
873,676536691,1,0
874,676536721,1,0
875,676536737,1,0
876,676536773,1,0
877,676536785,1,0
878,676536815,1,0
879,676536828,1,0
880,676536858,1,0
881,676536870,1,0
882,676536900,1,0
883,676536913,12,0
884,676536943,12,0
885,676536956,12,0
886,676536986,12,0
887,676536999,12,0
888,676537030,1,0
889,676537043,1,0
890,676537075,1,0
891,676537088,1,0
892,676537117,1,0
893,676537129,1,0
894,676537156,1,0
895,676537168,1,0
896,676537198,1,0
897,676537210,1,1
898,676537240,1,0
899,676537253,1,0
900,676537283,1,0
901,676537295,1,0
902,676537325,1,0
903,676537337,1,0
904,676537367,1,0
905,676537380,1,0
906,676537410,1,0
907,676537423,1,0
908,676537452,1,0
909,676537464,1,0
910,676537492,1,0
911,676537505,1,0
912,676537535,1,0
913,676537548,1,0
914,676537577,1,0
915,676537590,11,0
916,676537621,11,0
917,676537634,11,0
918,676537664,11,0
919,676537677,11,0
920,676537706,11,0
921,676537718,11,0
922,676537748,11,0
923,676537761,11,0
924,676537792,11,0
925,676537804,11,0
926,676537835,11,0
927,676537847,11,0
928,676537878,11,0
929,676537890,11,0
930,676537921,11,0
931,676537933,11,1
932,676537963,11,0
933,676537975,11,0
934,676538005,11,0
935,676538018,11,0
936,676538049,11,0
937,676538062,11,0
938,676538091,11,0
939,676538103,11,0
940,676538134,11,0
941,676538146,11,0
942,676538178,11,0
943,676538191,11,0
944,676538222,11,0
945,676538234,11,0
946,676538262,11,0
947,676538275,11,0
948,676538303,1,0
949,676538315,1,0
950,676538345,1,0
951,676538357,1,0
952,676538387,1,0
953,676538399,1,0
954,676538428,1,0
955,676538440,1,0
956,676538470,1,0
957,676538482,1,0
958,676538513,1,0
959,676538525,1,0
960,676538555,12,1
961,676538568,12,0
962,676538598,12,0
963,676538610,12,0
964,676538643,12,0
965,676538655,12,0
966,676538685,12,0
967,676538697,12,0
968,676538726,12,0
969,676538738,12,0
970,676538768,1,0
971,676538781,1,0
972,676538812,1,0
973,676538825,1,0
974,676538855,1,0
975,676538868,1,0
976,676538898,1,0
977,676538910,1,0
978,676538939,1,0
979,676538951,1,0
980,676538981,1,0
981,676538994,12,0
982,676539028,12,0
983,676539054,12,0
984,676539075,1,0
985,676539087,1,0
986,676539118,1,0
987,676539165,1,0
988,676539200,1,0
989,676539230,11,0
990,676539242,11,0
991,676539270,11,0
992,676539282,11,0
993,676539313,11,0
994,676539325,11,0
995,676539356,1,0
996,676539370,1,0
997,676539402,1,0
998,676539414,1,0
999,676539444,1,0
1000,676539457,1,0
1001,676539488,1,0
1002,676539500,1,0
1003,676539530,1,0
1004,676539542,1,0
1005,676539571,1,0
1006,676539583,1,0
1007,676539613,1,0
1008,676539625,1,0
1009,676539653,1,0
1010,676539665,1,0
1011,676539696,1,0
1012,676539708,1,0
1013,676539738,1,1
1014,676539751,1,0
1015,676539780,1,0
1016,676539792,1,0
1017,676539822,1,0
1018,676539834,1,0
1019,676539863,1,0
1020,676539875,1,0
1021,676539903,1,0
1022,676539916,1,0
1023,676539947,1,0
1024,676539959,1,0
1025,676539989,1,0
1026,676540002,1,0
1027,676540032,1,0
1028,676540046,1,0
1029,676540076,11,1
1030,676540088,11,0
1031,676540117,11,0
1032,676540129,11,0
1033,676540156,11,0
1034,676540168,11,0
1035,676540198,11,0
1036,676540210,11,0
1037,676540241,1,0
1038,676540253,1,0
1039,676540284,1,0
1040,676540296,1,0
1041,676540324,1,0
1042,676540337,1,0
1043,676540367,1,0
1044,676540379,1,0
1045,676540411,1,0
1046,676540424,1,0
1047,676540454,1,0
1048,676540466,1,0
1049,676540495,1,0
1050,676540508,1,0
1051,676540539,1,0
1052,676540552,1,0
1053,676540581,1,1
1054,676540594,1,0
1055,676540624,1,0
1056,676540636,1,0
1057,676540666,1,0
1058,676540679,1,0
1059,676540710,1,0
1060,676540723,1,0
1061,676540754,1,1
1062,676540767,1,0
1063,676540799,1,0
1064,676540811,1,0
1065,676540841,1,0
1066,676540853,1,0
1067,676540883,1,0
1068,676540895,1,0
1069,676540925,1,0
1070,676540938,1,0
1071,676540968,1,0
1072,676540980,1,0
1073,676541011,1,0
1074,676541024,1,0
1075,676541053,1,0
1076,676541065,1,0
1077,676541095,1,0
1078,676541107,1,0
1079,676541138,1,0
1080,676541150,1,0
1081,676541180,1,0
1082,676541192,1,1
1083,676541221,1,0
1084,676541234,1,0
1085,676541265,1,0
1086,676541278,1,0
1087,676541311,1,0
1088,676541323,1,0
1089,676541353,1,0
1090,676541365,1,0
1091,676541396,12,0
1092,676541408,12,0
1093,676541439,12,0
1094,676541451,12,0
1095,676541480,12,0
1096,676541492,12,0
1097,676541522,1,0
1098,676541535,1,0
1099,676541565,1,0
1100,676541577,1,0
1101,676541607,1,0
1102,676541619,1,0
1103,676541647,1,0
1104,676541659,1,0
1105,676541690,1,0
1106,676541702,1,0
1107,676541731,1,0
1108,676541743,1,0
1109,676541771,1,0
1110,676541784,1,0
1111,676541813,1,0
1112,676541827,1,0
1113,676541857,1,0
1114,676541870,1,0
1115,676541901,1,0
1116,676541913,1,0
1117,676541946,1,1
1118,676541958,1,0
1119,676541988,1,0
1120,676542001,1,0
1121,676542029,1,0
1122,676542041,1,0
1123,676542073,1,0
1124,676542087,1,0
1125,676542118,1,0
1126,676542130,1,0
1127,676542159,1,0
1128,676542172,1,0
1129,676542238,1,0
1130,676542268,1,0
1131,676542291,1,0
1132,676542303,1,0
1133,676542332,1,0
1134,676542345,12,0
1135,676542375,12,0
1136,676542387,12,0
1137,676542417,12,0
1138,676542430,12,0
1139,676542458,1,0
1140,676542471,1,0
1141,676542501,1,0
1142,676542514,1,0
1143,676542545,1,0
1144,676542557,1,0
1145,676542588,1,0
1146,676542600,1,0
1147,676542629,1,0
1148,676542641,1,0
1149,676542671,1,0
1150,676542684,1,0
1151,676542712,1,0
1152,676542725,1,0
1153,676542755,1,0
1154,676542767,1,0
1155,676542798,1,0
1156,676542810,1,0
1157,676542840,12,0
1158,676542852,12,0
1159,676542882,12,0
1160,676542895,12,0
1161,676542924,12,0
1162,676542936,12,0
1163,676542966,1,0
1164,676542979,1,0
1165,676543009,1,0
1166,676543022,1,0
1167,676543053,1,0
1168,676543067,1,0
1169,676543097,1,0
1170,676543110,1,0
1171,676543140,1,0
1172,676543152,1,0
1173,676543184,1,0
1174,676543197,1,0
1175,676543227,1,0
1176,676543240,1,0
1177,676543270,1,0
1178,676543282,1,0
1179,676543313,1,0
1180,676543325,1,0
1181,676543355,1,0
1182,676543367,1,0
1183,676543396,1,0
1184,676543409,1,0
1185,676543440,1,0
1186,676543452,1,0
1187,676543484,1,0
1188,676543496,1,0
1189,676543528,1,0
1190,676543540,1,0
1191,676543571,1,0
1192,676543583,1,0
1193,676543614,0,0
1194,676543626,0,0
1195,676543657,0,0
1196,676543670,0,0
1197,676543700,0,0
1198,676543714,0,0
1199,676543744,0,-1
1200,676543757,0,0
1201,676543787,0,0
1202,676543799,0,0
1203,676543830,0,0
1204,676543843,0,0
1205,676543872,0,0
1206,676543884,0,0
1207,676543914,0,0
1208,676543926,1,0
1209,676543956,1,0
1210,676543969,1,0
1211,676544000,1,0
1212,676544013,1,0
1213,676544043,1,0
1214,676544056,1,0
1215,676544087,1,0
1216,676544099,1,0
1217,676544129,1,0
1218,676544141,1,0
1219,676544197,1,0
1220,676544236,1,0
1221,676544280,1,0
1222,676544311,1,0
1223,676544383,1,0
1224,676544421,1,0
1225,676544447,1,0
1226,676544460,1,0
1227,676544490,1,0
1228,676544502,1,0
1229,676544533,1,-1
1230,676544545,1,0
1231,676544575,1,0
1232,676544587,1,0
1233,676544616,1,0
1234,676544628,1,0
1235,676544658,1,0
1236,676544671,1,0
1237,676544701,1,0
1238,676544713,1,0
1239,676544743,1,0
1240,676544766,1,0
1241,676544798,1,0
1242,676544811,1,0
1243,676544832,1,0
1244,676544845,1,0
1245,676544875,1,0
1246,676544888,1,0
1247,676544918,1,0
1248,676544931,1,0
1249,676544961,1,0
1250,676544974,1,0
1251,676545004,1,0
1252,676545037,1,0
1253,676545078,1,0
1254,676545090,1,0
1255,676545111,1,0
1256,676545123,1,0
1257,676545154,1,-1
1258,676545166,1,0
1259,676545196,1,0
1260,676545208,1,0
1261,676545239,1,0
1262,676545251,1,0
1263,676545310,1,0
1264,676545340,1,0
1265,676545357,1,0
1266,676545369,1,0
1267,676545400,1,0
1268,676545412,1,0
1269,676545442,1,0
1270,676545455,1,0
1271,676545484,1,0
1272,676545497,1,0
1273,676545527,12,0
1274,676545541,12,0
1275,676545572,12,0
1276,676545584,12,0
1277,676545614,12,0
1278,676545626,12,0
1279,676545655,1,0
1280,676545667,1,0
1281,676545696,1,0
1282,676545709,1,0
1283,676545738,1,0
1284,676545751,1,0
1285,676545780,1,0
1286,676545793,1,0
1287,676545823,1,0
1288,676545835,1,0
1289,676545864,1,0
1290,676545876,1,0
1291,676545906,1,0
1292,676545918,1,0
1293,676545948,1,0
1294,676545960,1,0
1295,676545991,1,0
1296,676546003,1,0
1297,676546033,1,0
1298,676546046,1,0
1299,676546077,1,0
1300,676546090,1,0
1301,676546121,1,0
1302,676546134,1,0
1303,676546165,1,0
1304,676546177,1,0
1305,676546208,1,0
1306,676546220,1,0
1307,676546250,1,0
1308,676546263,1,0
1309,676546293,1,0
1310,676546305,1,0
1311,676546335,1,0
1312,676546347,1,0
1313,676546377,1,0
1314,676546390,1,0
1315,676546419,1,0
1316,676546431,1,0
1317,676546459,1,0
1318,676546472,1,0
1319,676546503,1,0
1320,676546515,1,0
1321,676546545,1,0
1322,676546558,1,0
1323,676546586,1,0
1324,676546600,1,0
1325,676546633,1,0
1326,676546646,1,0
1327,676546677,1,0
1328,676546689,1,0
1329,676546718,1,0
1330,676546731,1,0
1331,676546761,1,0
1332,676546773,1,0
1333,676546802,1,0
1334,676546814,1,0
1335,676546844,1,0
1336,676546856,1,0
1337,676546886,1,0
1338,676546898,1,0
1339,676546928,1,0
1340,676546940,1,0
1341,676546970,1,0
1342,676546982,1,0
1343,676547012,1,0
1344,676547024,1,0
1345,676547053,1,0
1346,676547066,1,0
1347,676547095,1,0
1348,676547107,1,0
1349,676547136,1,0
1350,676547148,1,0
1351,676547179,1,0
1352,676547191,1,0
1353,676547221,1,0
1354,676547234,1,0
1355,676547262,1,0
1356,676547275,1,0
1357,676547306,1,0
1358,676547318,1,0
1359,676547349,1,0
1360,676547361,1,0
1361,676547391,1,0
1362,676547404,1,0
1363,676547434,1,0
1364,676547446,1,0
1365,676547477,1,0
1366,676547489,1,0
1367,676547520,1,0
1368,676547532,1,0
1369,676547562,1,0
1370,676547575,1,0
1371,676547603,1,0
1372,676547615,1,0
1373,676547646,1,0
1374,676547658,1,0
1375,676547687,1,0
1376,676547699,1,0
1377,676547729,1,0
1378,676547742,1,0
1379,676547771,1,0
1380,676547785,1,0
1381,676547818,1,0
1382,676547831,1,0
1383,676547861,1,0
1384,676547873,1,0
1385,676547902,1,0
1386,676547915,1,0
1387,676547946,1,0
1388,676547958,1,0
1389,676547987,1,0
1390,676547999,1,0
1391,676548030,1,0
1392,676548042,1,0
1393,676548071,1,0
1394,676548083,1,0
1395,676548114,12,0
1396,676548126,12,0
1397,676548156,12,0
1398,676548168,1,0
1399,676548198,1,0
1400,676548210,1,0
1401,676548240,1,0
1402,676548252,1,0
1403,676548281,1,0
1404,676548293,1,0
1405,676548323,1,0
1406,676548335,1,0
1407,676548382,1,0
1408,676548413,1,0
1409,676548425,1,0
1410,676548451,1,0
1411,676548463,1,0
1412,676548493,1,0
1413,676548506,12,0
1414,676548534,12,0
1415,676548547,12,0
1416,676548578,12,0
1417,676548590,12,0
1418,676548621,1,0
1419,676548633,1,0
1420,676548662,1,0
1421,676548675,1,0
1422,676548704,1,0
1423,676548717,1,0
1424,676548749,12,0
1425,676548762,12,0
1426,676548793,12,0
1427,676548806,12,0
1428,676548833,1,0
1429,676548846,1,0
1430,676548877,1,0
1431,676548890,1,0
1432,676548919,1,0
1433,676548931,1,0
1434,676548962,1,0
1435,676548974,1,0
1436,676549004,1,0
1437,676549017,12,0
1438,676549047,12,0
1439,676549060,12,0
1440,676549091,12,0
1441,676549104,12,0
1442,676549134,1,0
1443,676549146,1,0
1444,676549176,1,0
1445,676549188,1,0
1446,676549216,1,0
1447,676549228,1,0
1448,676549258,1,0
1449,676549271,1,0
1450,676549301,1,0
1451,676549313,1,0
1452,676549343,1,0
1453,676549355,1,1
1454,676549385,1,0
1455,676549397,1,0
1456,676549428,1,0
1457,676549440,1,0
1458,676549470,1,0
1459,676549483,1,0
1460,676549513,1,0
1461,676549525,1,0
1462,676549554,1,0
1463,676549567,1,0
1464,676549594,1,0
1465,676549607,1,0
1466,676549637,1,0
1467,676549649,1,0
1468,676549680,1,0
1469,676549693,1,0
1470,676549723,12,0
1471,676549736,12,0
1472,676549768,12,0
1473,676549781,12,0
1474,676549811,12,0
1475,676549823,12,0
1476,676549854,12,0
1477,676549866,12,0
1478,676549896,12,0
1479,676549908,12,1
1480,676549938,12,0
1481,676549950,12,0
1482,676549979,11,0
1483,676549992,11,0
1484,676550020,11,0
1485,676550033,11,0
1486,676550063,11,0
1487,676550076,11,0
1488,676550282,11,0
1489,676550311,11,0
1490,676550385,1,0
1491,676550415,1,0
1492,676550446,1,0
1493,676550475,1,0
1494,676550488,1,0
1495,676550519,1,0
1496,676550531,1,0
1497,676550561,1,0
1498,676550573,1,0
1499,676550603,1,0
1500,676550615,1,0
1501,676550646,1,0
1502,676550658,1,0
1503,676550691,11,0
1504,676550703,11,0
1505,676550736,11,0
1506,676550748,11,0
1507,676550777,11,0
1508,676550790,11,0
1509,676550818,11,0
1510,676550830,11,0
1511,676550860,1,0
1512,676550872,1,0
1513,676550903,1,0
1514,676550915,1,0
1515,676550945,1,0
1516,676550958,1,0
1517,676550992,1,0
1518,676551005,1,0
1519,676551037,1,0
1520,676551049,1,0
1521,676551079,1,0
1522,676551091,1,1
1523,676551120,1,0
1524,676551132,1,0
1525,676551163,1,0
1526,676551175,1,0
1527,676551205,1,0
1528,676551217,1,0
1529,676551247,1,0
1530,676551259,1,0
1531,676551291,1,0
1532,676551303,1,0
1533,676551335,1,1
1534,676551347,1,0
1535,676551378,1,0
1536,676551390,12,0
1537,676551454,12,0
1538,676551493,12,0
1539,676551507,12,0
1540,676551526,12,0
1541,676551544,12,0
1542,676551558,1,0
1543,676551589,1,0
1544,676551603,1,0
1545,676551633,1,0
1546,676551646,1,0
1547,676551676,1,0
1548,676551689,1,0
1549,676551718,1,0
1550,676551731,1,0
1551,676551761,1,0
1552,676551773,1,0
1553,676551805,1,0
1554,676551817,1,0
1555,676551847,1,0
1556,676551859,1,0
1557,676551891,1,0
1558,676551903,1,0
1559,676551936,1,0
1560,676551948,1,0
1561,676551978,1,0
1562,676551990,1,0
1563,676552020,1,0
1564,676552032,1,0
1565,676552062,1,0
1566,676552074,1,0
1567,676552103,1,0
1568,676552116,1,0
1569,676552146,1,0
1570,676552159,1,0
1571,676552190,1,0
1572,676552203,1,0
1573,676552234,1,0
1574,676552247,1,0
1575,676552277,1,0
1576,676552289,1,0
1577,676552319,1,0
1578,676552331,1,0
1579,676552361,1,0
1580,676552374,1,0
1581,676552404,1,0
1582,676552416,1,0
1583,676552447,1,0
1584,676552459,1,0
1585,676552488,1,0
1586,676552500,1,0
1587,676552529,1,0
1588,676552541,1,0
1589,676552573,1,0
1590,676552585,1,0
1591,676552616,1,0
1592,676552628,1,0
1593,676552656,1,0
1594,676552669,1,0
1595,676552699,1,0
1596,676552712,1,0
1597,676552742,1,0
1598,676552754,1,0
1599,676552783,1,0
1600,676552796,1,0
1601,676552827,1,0
1602,676552840,12,0
1603,676552872,12,0
1604,676552885,12,0
1605,676552915,12,0
1606,676552928,12,0
1607,676552958,12,0
1608,676552970,12,0
1609,676553000,12,0
1610,676553013,12,0
1611,676553043,1,0
1612,676553056,1,0
1613,676553087,1,0
1614,676553099,1,0
1615,676553129,1,0
1616,676553142,1,0
1617,676553174,1,0
1618,676553186,1,0
1619,676553216,1,0
1620,676553228,1,0
1621,676553258,1,0
1622,676553270,1,0
1623,676553300,1,0
1624,676553312,1,0
1625,676553343,1,0
1626,676553356,1,0
1627,676553385,1,0
1628,676553398,11,0
1629,676553429,11,0
1630,676553441,11,0
1631,676553472,11,0
1632,676553485,11,0
1633,676553515,11,0
1634,676553527,11,0
1635,676553557,11,1
1636,676553569,11,0
1637,676553599,11,0
1638,676553612,1,0
1639,676553642,1,0
1640,676553657,1,0
1641,676553691,1,0
1642,676553703,1,0
1643,676553733,1,0
1644,676553745,1,0
1645,676553774,1,0
1646,676553787,1,0
1647,676553817,1,0
1648,676553829,1,0
1649,676553859,1,0
1650,676553872,1,1
1651,676553904,1,0
1652,676553917,1,0
1653,676553948,1,0
1654,676553961,1,0
1655,676553991,1,0
1656,676554004,1,0
1657,676554034,1,0
1658,676554046,1,0
1659,676554075,1,0
1660,676554087,1,0
1661,676554117,1,0
1662,676554129,1,0
1663,676554159,1,0
1664,676554171,1,0
1665,676554200,1,0
1666,676554213,11,0
1667,676554245,11,0
1668,676554258,11,0
1669,676554289,11,0
1670,676554301,11,0
1671,676554332,1,0
1672,676554344,1,0
1673,676554375,1,0
1674,676554387,1,0
1675,676554418,1,0
1676,676554430,1,0
1677,676554458,1,0
1678,676554470,1,0
1679,676554527,1,0
1680,676554562,1,0
1681,676554576,1,0
1682,676554599,1,0
1683,676554613,1,0
1684,676554644,1,0
1685,676554657,1,0
1686,676554688,1,0
1687,676554700,1,0
1688,676554730,1,0
1689,676554742,1,0
1690,676554772,1,0
1691,676554785,1,0
1692,676554815,11,0
1693,676554827,11,0
1694,676554857,11,1
1695,676554869,11,0
1696,676554899,1,0
1697,676554911,1,0
1698,676554940,1,0
1699,676554953,1,0
1700,676554983,1,0
1701,676554995,1,0
1702,676555023,1,0
1703,676555035,1,0
1704,676555065,1,0
1705,676555078,1,0
1706,676555109,1,0
1707,676555122,1,0
1708,676555152,1,0
1709,676555166,1,0
1710,676555197,1,0
1711,676555209,1,0
1712,676555239,1,0
1713,676555251,1,0
1714,676555281,1,1
1715,676555294,1,0
1716,676555324,1,0
1717,676555336,1,0
1718,676555366,1,0
1719,676555379,1,0
1720,676555411,1,0
1721,676555423,1,0
1722,676555453,1,0
1723,676555465,1,0
1724,676555495,1,0
1725,676555508,1,0
1726,676555540,1,0
1727,676555555,1,0
1728,676555587,1,0
1729,676555599,1,0
1730,676555628,1,0
1731,676555640,1,0
1732,676555672,1,0
1733,676555684,1,0
1734,676555714,1,0
1735,676555727,1,0
1736,676555756,1,0
1737,676555769,1,0
1738,676555799,1,0
1739,676555812,1,0
1740,676555842,1,0
1741,676555854,1,0
1742,676555883,1,0
1743,676555896,11,0
1744,676555927,11,0
1745,676555939,11,0
1746,676555969,11,0
1747,676555981,11,0
1748,676556011,11,0
1749,676556024,1,0
1750,676556056,11,0
1751,676556068,11,0
1752,676556098,11,0
1753,676556110,11,0
1754,676556139,11,0
1755,676556151,11,0
1756,676556181,11,0
1757,676556193,11,0
1758,676556223,11,0
1759,676556236,11,0
1760,676556266,11,0
1761,676556279,11,0
1762,676556310,11,0
1763,676556323,1,0
1764,676556354,1,0
1765,676556367,1,0
1766,676556398,1,0
1767,676556410,1,0
1768,676556441,1,0
1769,676556453,1,0
1770,676556483,1,0
1771,676556495,1,0
1772,676556524,1,0
1773,676556536,1,0
1774,676556567,1,0
1775,676556579,1,0
1776,676556610,1,0
1777,676556622,1,1
1778,676556652,1,0
1779,676556665,1,0
1780,676556695,1,0
1781,676556707,1,0
1782,676556735,12,0
1783,676556748,12,1
1784,676556777,12,0
1785,676556790,12,0
1786,676556820,12,0
1787,676556833,12,0
1788,676556863,12,0
1789,676556875,12,0
1790,676556905,12,0
1791,676556918,12,0
1792,676556949,12,0
1793,676556962,12,0
1794,676556993,12,0
1795,676557007,12,0
1796,676557037,1,0
1797,676557049,1,0
1798,676557079,1,0
1799,676557091,1,0
1800,676557121,1,0
1801,676557133,1,0
1802,676557164,1,1
1803,676557176,1,0
1804,676557208,1,0
1805,676557221,1,0
1806,676557251,1,0
1807,676557263,1,0
1808,676557291,11,0
1809,676557304,11,0
1810,676557334,11,0
1811,676557346,11,0
1812,676557377,11,0
1813,676557389,11,0
1814,676557417,11,0
1815,676557430,11,0
1816,676557461,11,0
1817,676557474,11,0
1818,676557505,11,0
1819,676557518,11,0
1820,676557549,11,0
1821,676557599,11,0
1822,676557628,11,0
1823,676557658,11,0
1824,676557670,11,0
1825,676557692,11,0
1826,676557704,11,0
1827,676557734,11,0
1828,676557747,11,0
1829,676557779,11,0
1830,676557793,11,0
1831,676557826,11,0
1832,676557838,11,0
1833,676557869,11,0
1834,676557881,1,0
1835,676557912,1,0
1836,676557924,1,0
1837,676557954,1,0
1838,676557966,1,0
1839,676557997,12,0
1840,676558009,12,0
1841,676558041,12,0
1842,676558053,12,0
1843,676558084,12,0
1844,676558096,12,0
1845,676558127,12,0
1846,676558139,12,0
1847,676558169,12,0
1848,676558181,12,0
1849,676558211,12,0
1850,676558224,12,0
1851,676558254,12,0
1852,676558267,12,0
1853,676558298,12,0
1854,676558312,12,0
1855,676558344,12,0
1856,676558357,12,0
1857,676558387,12,0
1858,676558400,1,1
1859,676558430,11,0
1860,676558442,11,0
1861,676558472,11,0
1862,676558484,11,0
1863,676558514,11,0
1864,676558527,11,0
1865,676558558,11,0
1866,676558570,11,0
1867,676558600,11,0
1868,676558612,11,0
1869,676558642,11,0
1870,676558654,11,0
1871,676558684,1,0
1872,676558697,1,0
1873,676558727,0,0
1874,676558741,0,0
1875,676558772,0,0
1876,676558785,0,0
1877,676558815,0,-1
1878,676558827,0,0
1879,676558856,0,0
1880,676558868,0,0
1881,676558898,0,0
1882,676558910,0,0
1883,676558942,0,0
1884,676558954,0,0
1885,676558985,0,0
1886,676558997,0,0
1887,676559027,0,0
1888,676559039,0,0
1889,676559069,0,0
1890,676559081,0,0
1891,676559110,0,0
1892,676559122,0,0
1893,676559153,0,0
1894,676559165,0,0
1895,676559194,0,0
1896,676559207,0,0
1897,676559237,0,0
1898,676559249,0,0
1899,676559278,0,0
1900,676559290,0,0
1901,676559320,0,0
1902,676559332,0,0
1903,676559362,0,0
1904,676559375,0,0
1905,676559406,0,-1
1906,676559419,0,0
1907,676559450,0,0
1908,676559463,0,0
1909,676559493,0,0
1910,676559506,0,0
1911,676559536,0,0
1912,676559548,0,0
1913,676559580,0,0
1914,676559594,0,0
1915,676559627,0,0
1916,676559640,0,0
1917,676559671,0,0
1918,676559684,0,0
1919,676559712,0,0
1920,676559724,0,0
1921,676559755,0,0
1922,676559767,0,0
1923,676559797,0,0
1924,676559809,0,0
1925,676559839,0,0
1926,676559851,0,0
1927,676559881,0,0
1928,676559894,0,0
1929,676559922,0,0
1930,676559936,0,0
1931,676559966,0,0
1932,676559979,0,0
1933,676560008,0,0
1934,676560022,0,0
1935,676560053,0,0
1936,676560065,0,0
1937,676560097,0,0
1938,676560112,0,0
